0,310
0,305
0,308
0,307
0,302
0,304
0,303
0,12
0,567
0,10
0,8
0,0
0,452
0,419
0,300
0,509
0,418
0,299
0,546
0,417
0,298
0,525
0,416
0,297
0,350
0,415
0,296
0,349
0,414
0,295
0,547
0,413
0,294
0,412
0,293
0,545
0,411
0,292
0,504
0,410
0,291
0,503
0,409
0,290
0,465
0,407
0,289
0,456
0,406
0,288
0,543
0,405
0,287
0,500
0,404
0,286
0,448
0,403
0,285
0,443
0,402
0,284
0,498
0,401
0,283
0,432
0,400
0,282
0,342
0,399
0,281
0,495
0,398
0,280
0,541
0,397
0,279
0,540
0,396
0,278
0,512
0,395
0,277
0,491
0,394
0,276
0,538
0,393
0,275
0,501
0,392
0,274
0,536
0,391
0,273
0,535
0,390
0,272
0,537
0,389
0,271
0,534
0,388
0,270
0,574
0,387
0,269
0,490
0,386
0,268
0,533
0,385
0,267
0,319
0,384
0,266
0,345
0,383
0,265
0,531
0,382
0,264
0,530
0,381
0,263
0,464
0,380
0,262
0,528
0,379
0,261
0,527
0,378
0,260
0,529
0,377
0,259
0,499
0,376
0,258
0,524
0,375
0,257
0,563
0,374
0,256
0,559
0,373
0,255
0,555
0,372
0,254
0,554
0,371
0,253
0,435
0,370
0,252
0,508
0,369
0,251
0,426
0,368
0,250
0,516
0,475
0,249
0,367
0,248
0,472
0,366
0,247
0,471
0,496
0,246
0,429
0,364
0,245
0,558
0,470
0,244
0,318
0,487
0,242
0,421
0,363
0,241
0,507
0,362
0,240
0,424
0,427
1,3
0,469
0,473
0,494
0,532
0,551
0,568
0,571
2,2
2,6
2,7
3,0
3,3
124,0
124,3
125,0
125,3
126,1
126,3
127,1
127,3
128,1
128,3
129,1
130,0
130,1
131,0
131,1
132,0
132,3
133,0
133,3
144,0
144,3
145,1
145,3
146,1
146,3
147,1
147,3
148,1
149,0
149,1
150,0
150,1
151,0
151,3
152,0
152,3
153,0
153,3
154,0
154,3
155,1
155,3
156,1
156,3
157,1
158,0
158,1
159,0
159,1
160,0
160,1
161,0
161,3
162,0
162,3
165,0
165,3
168,1
168,3
169,1
169,3
170,1
170,3
171,0
171,2
171,3
172,0
172,1
172,3
172,5
173,0
173,2
173,3
173,5
174,0
174,1
174,3
175,0
175,2
175,3
176,1
176,3
176,4
177,1
177,2
178,0
178,2
178,3
179,1
179,2
181,0
181,1
181,3
182,1
182,2
183,0
183,1
183,3
184,1
184,2
185,0
185,1
185,3
186,0
186,2
187,0
187,1
187,3
188,0
188,2
191,0
191,1
191,3
191,4
194,0
194,2
194,3
194,5
195,0
195,2
195,3
198,1
198,3
198,4
460,1
460,2
461,0
461,2
461,3
462,0
462,1
462,3
462,4
463,0
463,2
463,3
463,5
463,6
464,1
464,3
465,0
465,2
465,3
466,1
466,2
466,4
467,1
467,2
468,0
468,1
468,3
469,1
469,2
470,0
470,1
470,3
471,1
471,2
472,0
472,1
472,3
473,0
473,2
474,0
474,1
474,3
475,0
475,2
476,0
476,1
476,3
477,0
477,2
477,3
478,1
478,3
481,0
481,2
481,3
481,5
484,1
484,2
484,4
484,5
486,1
486,2
486,4
487,1
487,2
487,3
487,0
486,3
486,0
484,3
484,0
481,4
481,1
478,2
478,0
477,1
476,2
475,3
475,1
474,2
473,3
473,1
472,2
471,3
471,0
470,2
469,3
469,0
468,2
467,3
467,0
466,3
466,0
465,1
464,2
464,0
463,4
463,1
462,5
462,2
461,4
461,1
460,3
460,0
198,2
198,0
195,1
194,4
194,1
191,5
191,2
188,3
188,1
187,2
186,3
186,1
185,2
184,3
184,0
183,2
182,3
182,0
181,2
179,3
179,0
178,1
177,3
177,0
176,2
176,0
175,1
174,2
173,6
173,4
173,1
172,4
172,2
171,4
171,1
170,2
170,0
169,0
168,0
165,1
162,1
161,1
160,3
159,3
158,3
157,3
157,0
156,0
155,0
154,1
153,1
152,1
151,1
150,3
149,3
148,3
148,0
147,0
146,0
145,0
144,1
133,1
132,1
131,3
130,3
129,3
129,0
128,0
127,0
126,0
125,1
124,1
3,1
2,8
2,5
0,570
0,544
0,510
1,1
0,437
1,0
2,1
0,408
2,9
0,331
2,3
0,322
2,0
0,243
0,9
0,556
0,361
0,239
0,553
0,360
0,238
0,467
0,359
0,237
0,506
0,358
0,236
0,505
0,357
0,235
0,548
0,356
0,234
0,468
0,355
0,233
0,569
0,354
0,232
0,566
0,353
0,231
0,365
0,352
0,230
0,462
0,572
0,229
0,542
0,351
0,228
0,459
0,565
0,227
0,458
0,463
0,226
0,348
0,225
0,425
0,455
0,224
0,520
0,486
0,223
0,519
0,347
0,222
0,454
0,493
0,221
0,453
0,451
0,220
0,562
0,344
0,219
0,485
0,461
0,218
0,484
0,341
0,217
0,346
0,343
0,216
0,449
0,564
0,215
0,483
0,502
0,214
0,332
0,340
0,213
0,447
0,446
0,212
0,445
0,444
0,211
0,489
0,339
0,210
0,526
0,338
0,209
0,517
0,337
0,208
0,442
0,561
0,207
0,441
0,335
0,206
0,422
0,334
0,205
0,466
0,440
0,204
0,515
0,333
0,203
0,439
0,521
0,202
0,438
0,201
0,573
0,330
0,200
0,482
0,560
0,199
0,481
0,460
0,198
0,497
0,329
0,197
0,480
0,328
0,196
0,433
0,518
0,195
0,436
0,326
0,194
0,431
0,434
0,193
0,336
0,428
0,192
0,550
0,325
0,63
0,324
0,62
0,474
0,323
0,61
0,488
0,321
0,60
0,549
0,479
0,59
0,327
0,320
0,58
0,478
0,557
0,57
0,477
0,430
0,56
0,492
0,317
0,55
0,476
0,450
0,54
0,457
0,423
0,53
0,575
0,316
0,52
0,539
0,315
0,51
0,420
0,314
0,50
0,523
0,313
0,49
0,514
0,312
0,48
0,513
0,311
0,47
0,552
0,309
0,46
0,511
0,306
0,45
0,522
0,301
0,6
0,5
0,1
0,11
0,4
0,2
0,3
0,7
